4294967294,0
4294967294,11
4294967294,18
4294967294,127
4294967294,14
4294967294,126
4294967294,20
4294967294,13
4294967294,12
4294967294,68
4294967278,132
4294967278,131
4294967278,130
4294967278,129
4294967278,128
4294967278,127
4294967278,126
4294967278,125
4294967278,124
4294967278,123
4294967278,122
4294967278,121
4294967278,120
4294967278,119
4294967278,118
4294967278,117
4294967278,116
4294967278,115
4294967278,114
4294967278,113
4294967278,112
4294967278,111
4294967278,110
4294967278,109
4294967278,108
4294967278,358
4294967278,107
4294967278,106
4294967278,105
4294967278,104
4294967278,103
4294967278,263
4294967278,102
4294967278,101
4294967278,100
4294967278,99
4294967278,96
4294967278,94
4294967278,93
4294967278,92
4294967278,279
4294967278,91
4294967278,90
4294967278,89
4294967278,87
4294967278,86
4294967278,85
4294967278,84
4294967278,83
4294967278,82
4294967278,355
4294967278,81
4294967278,80
4294967278,79
4294967278,78
4294967278,77
4294967278,75
4294967278,74
4294967278,73
4294967278,72
4294967278,71
4294967278,68
4294967278,67
4294967278,402
4294967278,65
4294967278,64
4294967278,347
4294967278,63
4294967278,62
4294967278,61
4294967278,365
4294967279,382
4294967279,542
4294967279,82
4294967279,78
4294967279,72
4294967279,71
4294967279,69
4294967279,333
4294967279,320
4294967279,62
4294967279,60
4294967279,59
4294967279,53
4294967279,49
4294967279,46
4294967279,43
4294967279,251
4294967279,35
4294967279,34
4294967279,32
4294967279,29
4294967279,26
4294967279,21
4294967279,19
4294967279,16
4294967279,14
4294967279,11
4294967279,7
4294967279,4
4294967278,363
4294967278,223
4294967279,547
4294967278,283
1229,7
1229,6
1229,5
1229,4
1229,3
1229,2
1229,1
4294967294,110
4294967279,241
4294967279,233
4294967279,383
4294967279,213
4294967279,212
4294967278,211
1225,4
1225,3
1225,2
1225,1
4294967278,200
1224,6
1224,5
1224,4
4294967279,197
1224,3
1224,2
1224,1
4294967279,322
4294967278,69
4294967279,67
4294967278,66
1221,6
1221,5
1221,4
4294967278,171
1221,3
1221,2
1221,1
4294967279,260
4294967278,259
4294967278,411
4294967279,45
4294967294,1016
4294967278,404
1218,6
1218,5
4294967278,147
1218,4
1218,3
1218,2
1218,1
4294967279,564
4294967278,141
4294967278,282
4294967278,277
4294967278,280
4294967278,419
4294967279,531
4294967278,364
4294967279,378
4294967278,267
1215,6
1215,5
1215,4
1215,3
1215,2
1215,1
4294967278,416
4294967278,303
4294967279,373
4294967278,261
4294967294,487
4294967279,5
4294967279,556
4294967278,302
4294967279,313
4294967279,311
1212,4
1212,3
1212,2
1212,1
1211,4
1211,3
1211,2
1211,1
1210,6
4294967294,1013
4294967294,451
4294967294,410
4294967294,405
4294967278,272
4294967278,266
4294967279,235
1210,5
4294967279,231
1210,4
4294967279,229
1210,3
1210,2
1210,1
1209,5
4294967279,219
1209,4
1209,3
1209,2
1209,1
4294967278,256
1208,5
1208,4
1208,3
1208,2
1208,1
4294967294,427
4294967278,447
1207,5
4294967278,199
1207,4
4294967279,199
1207,3
1207,2
1207,1
4294967279,198
4294967278,446
4294967279,222
4294967278,217
1205,4
1205,3
1205,2
1205,1
4294967279,377
4294967279,376
4294967279,375
4294967294,89
4294967279,350
4294967278,285
4294967278,98
4294967278,76
4294967279,273
4294967279,525
4294967279,324
4294967279,535
4294967279,326
4294967279,339
4294967279,9
4294967278,445
4294967278,260
4294967279,372
1204,7
1204,6
1204,5
1204,4
1204,2
1204,1
4294967279,371
4294967279,0
4294967278,332
4294967278,150
4294967278,149
4294967279,308
4294967294,398
4294967294,455
4294967294,408
4294967278,382
4294967279,370
4294967294,1421
1200,4
1200,3
1200,2
1200,1
4294967279,321
4294967279,368
1199,6
1199,5
1199,4
1199,3
1199,2
1199,1
4294967279,366
4294967278,324
1196,6
1196,5
1196,4
1196,3
1196,2
1196,1
4294967294,185
4294967294,1091
4294967279,211
4294967278,97
4294967279,544
4294967278,336
4294967279,208
4294967278,95
4294967279,207
4294967279,205
4294967279,327
1193,6
4294967279,202
1193,5
4294967278,201
1193,4
4294967279,201
1193,2
1193,1
4294967294,50
4294967278,249
4294967278,197
4294967294,1
4294967294,2
4294967278,413
4294967294,45
4294967294,44
4294967294,38
4294967294,37
4294967279,192
4294967279,191
4294967294,40
4294967294,1419
4294967294,53
4294967294,1423
4294967294,1174
4294967294,1017
4294967294,1173
4294967294,419
4294967294,27
4294967294,91
4294967294,90
4294967294,88
4294967294,87
4294967294,86
4294967294,85
4294967294,84
4294967278,412
4294967278,374
4294967278,346
4294967278,70
4294967279,70
4294967279,567
1190,6
4294967278,177
1190,5
4294967279,177
1190,4
4294967278,176
1190,2
1190,1
4294967294,17
4294967294,42
4294967294,99
4294967294,76
4294967294,36
4294967294,39
4294967294,81
4294967294,52
4294967294,96
4294967294,94
4294967294,22
4294967294,437
4294967294,67
4294967279,171
4294967278,443
4294967278,164
4294967279,166
4294967294,8
4294967294,9
4294967294,6
4294967294,93
4294967294,95
4294967294,483
4294967294,417
4294967294,51
4294967294,82
4294967279,159
1187,4
1187,3
1187,2
1187,1
4294967279,155
1186,4
1186,3
1186,2
1186,1
4294967279,563
4294967294,41
4294967294,1422
4294967294,1093
4294967294,1006
4294967294,1095
4294967294,182
4294967294,1089
4294967294,25
4294967294,1018
4294967294,26
4294967294,43
4294967294,1101
4294967278,152
4294967278,151
1185,6
0,5
4294967294,1415
4294967294,83
4294967294,384
4294967294,400
4294967294,463
4294967294,416
4294967278,148
4294967294,92
4294967278,442
4294967278,401
1185,5
1185,4
1185,3
1185,2
1185,1
4294967278,143
4294967279,562
4294967278,142
1184,5
4294967278,140
4294967279,139
1184,4
1184,3
1184,2
1184,1
4294967278,440
4294967278,138
4294967279,25
4294967294,482
4294967278,403
4294967278,133
4294967278,276
1183,5
1183,4
1183,3
1183,2
1183,1
1182,5
1182,4
1182,3
1182,2
1182,1
4294967279,8
4294967279,6
4294967279,282
4294967278,351
4294967278,397
4294967278,392
1180,4
1180,3
1180,2
1180,1
4294967279,246
4294967278,395
4294967294,414
4294967294,403
4294967294,180
4294967294,458
4294967279,244
4294967278,307
4294967279,515
4294967278,343
4294967279,541
4294967278,0
4294967294,1417
4294967294,7
4294967294,481
4294967293,131
4294967293,130
4294967293,129
4294967293,128
4294967293,127
4294967293,126
4294967293,125
4294967293,124
4294967293,123
4294967293,122
4294967293,121
4294967293,120
4294967293,119
4294967293,118
4294967293,117
4294967293,116
4294967293,115
4294967293,114
4294967293,113
4294967293,112
4294967293,111
4294967293,110
4294967293,109
4294967293,108
4294967293,107
4294967293,106
4294967293,105
4294967293,104
4294967293,103
4294967293,102
4294967293,101
4294967293,100
4294967293,99
4294967293,98
4294967293,97
4294967293,96
4294967293,95
4294967293,94
4294967293,93
4294967293,92
4294967293,91
4294967293,90
4294967293,89
4294967293,87
4294967293,86
4294967293,85
4294967293,84
4294967293,83
4294967293,82
4294967293,81
4294967293,80
4294967293,79
4294967293,78
4294967293,77
4294967293,76
4294967293,75
4294967293,74
4294967293,73
4294967293,72
4294967293,71
4294967293,70
4294967293,69
4294967293,68
4294967293,67
4294967293,66
4294967293,65
4294967293,64
4294967293,63
4294967293,62
4294967293,61
4294967293,60
4294967293,59
4294967293,58
4294967293,57
4294967293,56
4294967293,55
4294967293,54
4294967293,53
4294967293,52
4294967293,51
4294967293,50
4294967293,49
4294967293,48
4294967293,47
4294967293,46
4294967293,45
4294967293,44
4294967293,43
4294967293,42
4294967293,41
4294967293,40
4294967293,39
4294967293,38
4294967293,37
4294967293,36
4294967293,35
4294967293,34
4294967293,33
4294967293,32
4294967293,31
4294967293,30
4294967293,29
4294967293,28
4294967293,27
4294967293,26
4294967293,25
4294967293,24
4294967293,23
4294967293,22
